6.231104960866478
0.9751381548047413
5.3871532680152265
20.234598684364304
19.55307122262208
19.081567208735134
17.42092609688797
14.397261734359061
16.721197395137217
15.88505774638488
16.434779647957097
14.837003738715705
15.309780142762461
16.075464581457965
13.426327418145839
16.407234232388394
17.025036002348248
14.420727094215069
18.2716067521923
17.98456315111854
15.818501209082132
18.914474938137996
19.935749712661693
16.316053319709887
18.762285472596734
22.34260354080387
15.912635391941182
18.38791837828024
25.137662758346814
15.072544346740987
