6.16667800010212
0.650607799795375
5.3835370084396255
20.53311127969995
13.549239834611408
19.096693263941184
17.231679098100592
9.280322486321618
16.979121112532706
16.047908718020523
10.44973051606738
15.020382161812249
15.047422939386797
10.490363722359742
13.866646373245027
15.351876888859513
10.739152006168924
14.381603647132325
16.735416409745977
11.660674823926147
15.316192038281487
17.462051609195267
13.394797436294395
16.132750656373066
16.784736786556177
14.994991425412902
15.837624095554318
16.22236128457526
16.75702986206558
14.881909767677582
