8.301638051217916
0.9460383116439193
-0.4979136049411439
27.655952331714246
19.379835061087498
2.4662470445896987
23.707263911829862
14.640349547319436
0.6736698280746471
21.272771476960376
16.537239677404315
0.6845817832386698
19.769840552758126
16.176630335622153
0.25483200017269975
21.135179397080393
17.02059053870439
-0.06116056472138909
23.187011114508106
18.21802998245413
-0.35114012204583955
23.404397019124602
20.66871959635581
-0.4081965701701931
22.87408940951239
23.153299856885365
-0.5676919420117928
21.89873603469561
25.737346315644594
-0.8408016540179332
