8.334137107850312
0.6883546345001329
-0.6860362160212977
28.068809569781166
12.991327181063212
3.2733409927576202
24.11481688320916
9.038637803823981
1.1537416243404168
21.965105888246235
10.76120148634577
1.2272719280983475
20.36189860392923
10.684493086468212
0.8100867546308929
20.928254906249652
10.887475746015406
0.4024011427068617
23.056520558298644
11.744252273385792
0.21674207784131494
23.755844023336337
13.634719946911673
0.27830321055423696
23.16927203933036
15.117859056259222
0.13517570694182135
21.553531312692584
16.850097824066605
-0.20791269871941617
